%YAML:1.0
---
model_type: PINHOLE
camera_name: camera
image_width: 640
image_height: 480
distortion_parameters:
   k1: 0.0
   k2: 0.0
   p1: 0.0
   p2: 0.0
projection_parameters:
   fx: 381.26678466796875
   fy: 320.0710754394531
   cx: 381.26678466796875
   cy: 239.6336669921875